EW Measured by echelle analysis tool
 5895.92     11.0      0.00    -0.1940                        85.80   
 5889.95     11.0      0.00     0.1080                        107.20  
 4571.10     12.0      0.00    -5.6230                       -9999.90 
 4167.27     12.0      4.35    -0.7450                        26.90   
 4702.99     12.0      4.35    -0.4400                       -9999.90 
 5528.40     12.0      4.35    -0.4980                        39.20   
 4102.94     14.0      1.91    -3.1400                       -9999.90 
 5261.70     20.0      2.52    -0.5790                       -9999.90 
 7326.15     20.0      2.93    -0.2080                       -9999.90 
 6122.22     20.0      1.89    -0.3160                        27.30   
 4578.55     20.0      2.52    -0.6970                       -9999.90 
 6102.72     20.0      1.88    -0.7930                        11.30   
 6717.68     20.0      2.71    -0.5240                       -9999.90 
 7148.15     20.0      2.71     0.1370                        16.90   
 4425.44     20.0      1.88    -0.3580                        21.70   
 5598.48     20.0      2.52    -0.0870                        12.60   
 5349.47     20.0      2.71    -0.3100                       -9999.90 
 5594.46     20.0      2.52     0.0970                        16.90   
 4526.93     20.0      2.71    -0.5480                       -9999.90 
 4455.89     20.0      1.90    -0.5180                        16.30   
 5601.28     20.0      2.53    -0.5230                       -9999.90 
 6162.17     20.0      1.90    -0.0900                        36.20   
 6169.04     20.0      2.52    -0.7970                       -9999.90 
 4294.77     21.1      0.61    -1.3910                       -9999.90 
 4415.56     21.1      0.60    -0.6680                        13.40   
 4320.73     21.1      0.61    -0.2520                        27.00   
 5657.90     21.1      1.51    -0.6030                       -9999.90 
 4246.82     21.1      0.32     0.2420                        66.20   
 4670.41     21.1      1.36    -0.5760                       -9999.90 
 5031.02     21.1      1.36    -0.4000                       -9999.90 
 5526.79     21.1      1.77     0.0240                       -9999.90 
 5036.46     22.0      1.44     0.1400                       -9999.90 
 4518.02     22.0      0.83    -0.2500                       -9999.90 
 4533.24     22.0      0.85     0.5400                        16.80   
 4534.78     22.0      0.84     0.3500                        12.40   
 5064.65     22.0      0.05    -0.9400                       -9999.90 
 5024.84     22.0      0.82    -0.5300                       -9999.90 
 5020.03     22.0      0.84    -0.3300                       -9999.90 
 5016.16     22.0      0.85    -0.4800                       -9999.90 
 4981.73     22.0      0.85     0.5700                        19.90   
 4840.87     22.0      0.90    -0.4300                       -9999.90 
 5173.74     22.0      0.00    -1.0600                       -9999.90 
 4617.27     22.0      1.75     0.4400                       -9999.90 
 4512.73     22.0      0.84    -0.4000                       -9999.90 
 4656.47     22.0      0.00    -1.2900                       -9999.90 
 5210.38     22.0      0.05    -0.8200                       -9999.90 
 4681.91     22.0      0.05    -1.0300                       -9999.90 
 5039.96     22.0      0.02    -1.0800                       -9999.90 
 3924.53     22.0      0.02    -0.8700                       -9999.90 
 4287.40     22.0      0.84    -0.3700                       -9999.90 
 4501.27     22.1      1.12    -0.7700                        56.80   
 4468.49     22.1      1.13    -0.6300                        62.30   
 4657.20     22.1      1.24    -2.2900                       -9999.90 
 4563.76     22.1      1.22    -0.6900                        48.80   
 5185.90     22.1      1.89    -1.4100                       -9999.90 
 4708.66     22.1      1.24    -2.3500                       -9999.90 
 5336.79     22.1      1.58    -1.6000                       -9999.90 
 5129.16     22.1      1.89    -1.3400                       -9999.90 
 4443.80     22.1      1.08    -0.7100                        60.10   
 4379.23     23.0      0.30     0.5800                       -9999.90 
 4254.35     24.0      0.00    -0.0900                        65.60   
 4646.16     24.0      1.03    -0.7400                       -9999.90 
 5247.56     24.0      0.96    -1.5900                       -9999.90 
 4626.17     24.0      0.97    -1.3300                       -9999.90 
 4652.16     24.0      1.00    -0.9130                       -9999.90 
 4600.75     24.0      1.00    -1.2500                       -9999.90 
 5409.78     24.0      1.03    -0.6700                         9.90   
 4580.05     24.0      0.94    -1.6600                       -9999.90 
 4351.05     24.0      0.97    -1.3660                       -9999.90 
 5345.80     24.0      1.00    -0.8960                       -9999.90 
 5348.31     24.0      1.00    -1.2100                       -9999.90 
 4616.12     24.0      0.98    -1.1900                       -9999.90 
 5296.69     24.0      0.98    -1.3600                       -9999.90 
 4588.20     24.1      4.07    -0.6270                       -9999.90 
 4558.65     24.1      4.07    -0.4490                       -9999.90 
 4618.80     24.1      4.07    -0.8400                       -9999.90 
 4783.43     25.0      2.30     0.0330                       -9999.90 
 4034.48     25.0      0.00    -0.8420                        46.40   
 4033.06     25.0      0.00    -0.6440                        54.80   
 4754.04     25.0      2.28    -0.0880                       -9999.90 
 4055.54     25.0      2.14    -0.0790                       -9999.90 
 4823.52     25.0      2.32     0.1210                       -9999.90 
 5332.90     26.0      1.56    -2.7770                       -9999.90 
 5074.75     26.0      4.22    -0.2000                       -9999.90 
 5572.84     26.0      3.40    -0.2750                        19.50   
 5701.54     26.0      2.56    -2.2160                       -9999.90 
 5083.34     26.0      0.96    -2.9580                        14.50   
 5576.09     26.0      3.43    -1.0000                       -9999.90 
 5049.82     26.0      2.28    -1.3550                        22.20   
 5339.93     26.0      3.27    -0.6470                       -9999.90 
 5123.72     26.0      1.01    -3.0680                        10.50   
 5127.36     26.0      0.92    -3.3070                       -9999.90 
 5569.62     26.0      3.42    -0.4860                        12.40   
 5079.74     26.0      0.99    -3.2200                       -9999.90 
 5250.65     26.0      2.20    -2.1810                       -9999.90 
 5131.47     26.0      2.22    -2.5150                       -9999.90 
 5434.52     26.0      1.01    -2.1220                        51.10   
 5198.71     26.0      2.22    -2.1350                       -9999.90 
 5263.31     26.0      3.27    -0.8790                       -9999.90 
 5445.04     26.0      4.39    -0.0200                       -9999.90 
 5194.94     26.0      1.56    -2.0900                        23.90   
 5501.46     26.0      0.96    -3.0470                        14.90   
 5506.78     26.0      0.99    -2.7970                        20.20   
 5192.34     26.0      3.00    -0.4210                        28.40   
 5393.17     26.0      3.24    -0.7150                        11.70   
 5171.60     26.0      1.49    -1.7930                        40.40   
 5162.27     26.0      4.18     0.0200                        11.60   
 5151.91     26.0      1.01    -3.3220                       -9999.90 
 5253.46     26.0      3.28    -1.5730                       -9999.90 
 5662.52     26.0      4.18    -0.5730                       -9999.90 
 5307.36     26.0      1.61    -2.9870                       -9999.90 
 5302.30     26.0      3.28    -0.7200                       -9999.90 
 6252.55     26.0      2.40    -1.6870                        11.30   
 5028.13     26.0      3.57    -1.1230                       -9999.90 
 4630.12     26.0      2.28    -2.5870                       -9999.90 
 4625.04     26.0      3.24    -1.3400                       -9999.90 
 4619.29     26.0      3.60    -1.1200                       -9999.90 
 4602.00     26.0      1.61    -3.1540                       -9999.90 
 6335.33     26.0      2.20    -2.1770                       -9999.90 
 6411.65     26.0      3.65    -0.5950                       -9999.90 
 4637.50     26.0      3.28    -1.3900                       -9999.90 
 6421.35     26.0      2.28    -2.0270                       -9999.90 
 6065.48     26.0      2.61    -1.5300                       -9999.90 
 6677.98     26.0      2.69    -1.4180                        12.50   
 6136.61     26.0      2.45    -1.4000                        17.40   
 6137.69     26.0      2.59    -1.4030                        13.40   
 6191.56     26.0      2.43    -1.4170                        15.70   
 6213.43     26.0      2.22    -2.4820                       -9999.90 
 6219.28     26.0      2.20    -2.4330                       -9999.90 
 6593.87     26.0      2.43    -2.4220                       -9999.90 
 4638.01     26.0      3.60    -1.1190                       -9999.90 
 6393.60     26.0      2.43    -1.4320                        14.40   
 4678.85     26.0      3.60    -0.8330                       -9999.90 
 5022.24     26.0      3.98    -0.5300                       -9999.90 
 4994.13     26.0      0.92    -3.0800                        13.70   
 4966.09     26.0      3.33    -0.8710                       -9999.90 
 4946.39     26.0      3.37    -1.1700                       -9999.90 
 4939.69     26.0      0.86    -3.3400                       -9999.90 
 4938.81     26.0      2.88    -1.0770                        11.10   
 6336.82     26.0      3.69    -0.8560                       -9999.90 
 5753.12     26.0      4.26    -0.6880                       -9999.90 
 4786.81     26.0      3.02    -1.6060                       -9999.90 
 6265.13     26.0      2.18    -2.5500                       -9999.90 
 4707.27     26.0      3.24    -1.0800                       -9999.90 
 6246.32     26.0      3.60    -0.7330                       -9999.90 
 5762.99     26.0      4.21    -0.4500                       -9999.90 
 4541.52     26.1      2.86    -2.7900                       -9999.90 
 4520.22     26.1      2.81    -2.6000                        11.10   
 4515.33     26.1      2.84    -2.4500                        13.40   
 4508.28     26.1      2.86    -2.2500                        15.60   
 4110.53     27.0      1.05    -1.0800                       -9999.90 
 4121.32     27.0      0.92    -0.3200                        30.10   
 3845.47     27.0      0.92     0.0100                       -9999.90 
 3957.93     27.0      0.58    -2.0600                       -9999.90 
 5035.36     28.0      3.63     0.2900                       -9999.90 
 5081.11     28.0      3.85     0.3000                       -9999.90 
 3775.57     28.0      0.42    -1.4100                       -9999.90 
 3807.14     28.0      0.42    -1.2300                       -9999.90 
 5137.07     28.0      1.68    -1.9400                       -9999.90 
 6767.77     28.0      1.83    -2.1400                       -9999.90 
 6643.63     28.0      1.68    -2.2200                       -9999.90 
 4604.99     28.0      3.48    -0.2400                       -9999.90 
 5080.53     28.0      3.65     0.3200                       -9999.90 
 5017.58     28.0      3.54    -0.0300                       -9999.90 
 4470.48     28.0      3.40    -0.3000                       -9999.90 
 4756.52     28.0      3.48    -0.2700                       -9999.90 
 4715.76     28.0      3.54    -0.3300                       -9999.90 
 4648.65     28.0      3.42    -0.0900                       -9999.90 
 4722.15     30.0      4.03    -0.3380                       -9999.90 
 4810.53     30.0      4.08    -0.1370                       -9999.90 
 4077.71     38.1      0.00     0.1670                        74.30   
 3600.73     39.1      0.18     0.2800                       -9999.90 
 3774.33     39.1      0.13     0.2100                       -9999.90 
 3950.35     39.1      0.10    -0.4900                       -9999.90 
 4208.98     40.1      0.71    -0.5100                       -9999.90 
